IoU: 0.04000000
Cor: 0.00000000
