IoU: 0.12137861
Cor: -0.00523874
