IoU: 0.28873350
Cor: 0.00000000
