IoU: 0.26990901
Cor: 0.44524163
